# Created by Octave 3.8.1, Thu Jul 06 23:08:33 2017 CST <shyreckdc@shyreckdc-PC>
# name: black
# type: matrix
# rows: 5696
# columns: 1
 17
 27
 47
 67
 86
 87
 89
 92
 101
 122
 137
 139
 146
 150
 158
 172
 184
 185
 205
 210
 236
 241
 265
 276
 287
 328
 334
 337
 346
 348
 349
 350
 427
 429
 447
 452
 474
 478
 481
 500
 516
 517
 519
 539
 540
 597
 605
 611
 623
 626
 643
 666
 681
 688
 702
 704
 713
 721
 728
 763
 770
 779
 802
 807
 819
 846
 867
 873
 899
 906
 913
 915
 920
 925
 938
 942
 983
 1017
 1029
 1032
 1039
 1047
 1077
 1079
 1095
 1098
 1118
 1128
 1136
 1202
 1218
 1230
 1232
 1237
 1250
 1264
 1266
 1293
 1299
 1300
 1323
 1347
 1351
 1354
 1358
 1381
 1394
 1396
 1401
 1407
 1417
 1418
 1420
 1427
 1431
 1436
 1451
 1459
 1491
 1522
 1532
 1543
 1545
 1602
 1621
 1662
 1663
 1688
 1782
 1808
 1811
 1844
 1846
 1860
 1892
 1917
 1926
 1937
 1966
 2000
 2005
 2017
 2018
 2022
 2043
 2067
 2074
 2084
 2096
 2120
 2140
 2152
 2195
 2220
 2236
 2241
 2242
 2248
 2263
 2266
 2286
 2289
 2291
 2295
 2310
 2322
 2324
 2325
 2328
 2334
 2354
 2363
 2366
 2380
 2449
 2494
 2498
 2505
 2534
 2558
 2600
 2628
 2630
 2662
 2671
 2672
 2674
 2684
 2701
 2710
 2736
 2764
 2773
 2776
 2785
 2831
 2854
 2872
 2875
 2883
 2892
 2903
 2911
 2956
 2969
 2988
 2990
 2995
 2998
 3000
 3011
 3031
 3032
 3037
 3049
 3051
 3056
 3067
 3069
 3070
 3095
 3118
 3133
 3136
 3137
 3141
 3156
 3162
 3170
 3187
 3225
 3227
 3241
 3289
 3301
 3304
 3306
 3314
 3318
 3380
 3403
 3416
 3417
 3430
 3445
 3465
 3474
 3481
 3483
 3495
 3506
 3513
 3521
 3528
 3533
 3557
 3558
 3573
 3577
 3639
 3645
 3647
 3652
 3659
 3661
 3667
 3675
 3693
 3699
 3704
 3722
 3725
 3753
 3758
 3762
 3788
 3812
 3814
 3822
 3826
 3830
 3845
 3889
 3898
 3900
 3911
 3912
 3933
 3956
 3977
 3995
 4036
 4045
 4057
 4058
 4062
 4076
 4089
 4091
 4093
 4099
 4106
 4120
 4133
 4134
 4143
 4145
 4146
 4181
 4183
 4196
 4216
 4242
 4243
 4251
 4268
 4329
 4331
 4342
 4359
 4361
 4380
 4398
 4400
 4421
 4426
 4427
 4436
 4449
 4480
 4491
 4510
 4516
 4524
 4527
 4550
 4562
 4569
 4584
 4600
 4607
 4610
 4614
 4624
 4629
 4643
 4656
 4657
 4664
 4680
 4698
 4699
 4700
 4719
 4727
 4788
 4791
 4813
 4816
 4817
 4818
 4865
 4885
 4896
 4898
 4901
 4907
 4931
 4946
 4947
 4957
 4962
 4985
 4987
 5023
 5035
 5046
 5047
 5053
 5081
 5088
 5099
 5103
 5155
 5189
 5209
 5255
 5290
 5300
 5301
 5329
 5341
 5358
 5376
 5383
 5388
 5398
 5399
 5434
 5449
 5485
 5495
 5514
 5519
 5520
 5537
 5539
 5572
 5586
 5587
 5599
 5628
 5649
 5650
 5657
 5665
 5669
 5674
 5690
 5695
 5702
 5704
 5720
 5735
 5739
 5747
 5766
 5793
 5810
 5815
 5820
 5837
 5857
 5859
 5865
 5889
 5915
 5922
 5928
 5935
 5940
 5962
 5969
 6002
 6038
 6047
 6073
 6091
 6109
 6122
 6142
 6171
 6190
 6203
 6206
 6220
 6225
 6231
 6255
 6284
 6286
 6303
 6306
 6348
 6372
 6397
 6410
 6411
 6433
 6446
 6451
 6464
 6465
 6468
 6474
 6482
 6486
 6487
 6500
 6512
 6521
 6534
 6538
 6548
 6569
 6571
 6575
 6579
 6592
 6605
 6636
 6656
 6666
 6706
 6711
 6728
 6794
 6817
 6851
 6853
 6863
 6877
 6879
 6897
 6902
 6904
 6933
 6936
 6958
 6971
 6972
 6994
 7012
 7016
 7037
 7041
 7056
 7059
 7066
 7090
 7095
 7098
 7102
 7109
 7128
 7135
 7136
 7137
 7149
 7156
 7188
 7194
 7257
 7265
 7324
 7350
 7352
 7366
 7394
 7409
 7417
 7423
 7428
 7465
 7469
 7470
 7486
 7489
 7496
 7520
 7528
 7529
 7535
 7576
 7585
 7603
 7615
 7620
 7629
 7633
 7642
 7684
 7696
 7698
 7700
 7707
 7726
 7733
 7734
 7737
 7763
 7777
 7794
 7798
 7804
 7830
 7854
 7858
 7868
 7888
 7900
 7922
 7941
 7975
 7977
 7986
 8014
 8024
 8031
 8032
 8040
 8068
 8104
 8115
 8160
 8171
 8178
 8180
 8198
 8210
 8215
 8222
 8239
 8250
 8257
 8264
 8272
 8275
 8282
 8306
 8313
 8320
 8339
 8349
 8353
 8364
 8367
 8373
 8402
 8409
 8416
 8425
 8427
 8438
 8441
 8457
 8476
 8480
 8494
 8522
 8554
 8558
 8571
 8572
 8578
 8613
 8639
 8687
 8696
 8754
 8767
 8786
 8790
 8810
 8818
 8831
 8835
 8842
 8859
 8860
 8863
 8875
 8906
 8908
 8913
 8917
 8943
 8947
 8960
 8964
 8967
 8968
 8978
 8985
 8986
 8988
 9010
 9017
 9115
 9136
 9146
 9148
 9151
 9168
 9185
 9219
 9221
 9245
 9280
 9282
 9293
 9315
 9361
 9374
 9390
 9394
 9396
 9405
 9416
 9436
 9466
 9504
 9516
 9520
 9562
 9567
 9597
 9665
 9681
 9720
 9723
 9740
 9745
 9749
 9769
 9805
 9806
 9808
 9815
 9823
 9828
 9848
 9855
 9856
 9889
 9901
 9904
 9910
 9924
 9944
 9958
 10001
 10006
 10012
 10027
 10044
 10064
 10078
 10079
 10087
 10104
 10108
 10115
 10119
 10136
 10154
 10161
 10181
 10199
 10204
 10208
 10244
 10258
 10274
 10287
 10300
 10308
 10311
 10349
 10352
 10369
 10370
 10374
 10408
 10416
 10419
 10424
 10429
 10431
 10462
 10464
 10474
 10479
 10507
 10522
 10559
 10567
 10573
 10575
 10578
 10586
 10623
 10625
 10636
 10642
 10643
 10646
 10660
 10670
 10686
 10690
 10695
 10702
 10728
 10729
 10741
 10763
 10772
 10773
 10793
 10803
 10812
 10828
 10829
 10830
 10839
 10848
 10849
 10864
 10887
 10941
 10961
 11008
 11034
 11066
 11070
 11096
 11142
 11160
 11174
 11209
 11231
 11248
 11258
 11278
 11281
 11305
 11328
 11372
 11390
 11397
 11412
 11427
 11450
 11471
 11476
 11477
 11483
 11521
 11524
 11535
 11569
 11573
 11604
 11613
 11614
 11620
 11622
 11626
 11640
 11669
 11680
 11686
 11709
 11720
 11745
 11759
 11761
 11766
 11778
 11781
 11796
 11866
 11880
 11886
 11892
 11932
 11940
 11942
 11943
 11950
 11966
 11981
 12014
 12069
 12085
 12086
 12087
 12112
 12115
 12119
 12127
 12132
 12133
 12136
 12137
 12154
 12164
 12175
 12179
 12190
 12209
 12227
 12228
 12238
 12242
 12253
 12259
 12269
 12276
 12282
 12306
 12338
 12358
 12396
 12410
 12415
 12425
 12434
 12450
 12460
 12474
 12480
 12483
 12486
 12490
 12493
 12503
 12521
 12529
 12570
 12573
 12582
 12591
 12592
 12593
 12611
 12620
 12633
 12645
 12659
 12684
 12690
 12718
 12720
 12731
 12739
 12759
 12772
 12782
 12786
 12802
 12804
 12818
 12819
 12826
 12829
 12839
 12859
 12865
 12868
 12877
 12884
 12934
 12939
 12942
 12944
 12996
 12998
 13004
 13006
 13019
 13025
 13085
 13087
 13118
 13127
 13144
 13151
 13155
 13160
 13166
 13173
 13184
 13187
 13212
 13224
 13235
 13245
 13255
 13256
 13262
 13263
 13264
 13269
 13274
 13275
 13291
 13296
 13305
 13322
 13361
 13364
 13366
 13374
 13379
 13398
 13404
 13434
 13446
 13447
 13454
 13458
 13470
 13481
 13502
 13548
 13555
 13591
 13595
 13602
 13615
 13616
 13630
 13636
 13655
 13657
 13703
 13707
 13713
 13726
 13738
 13744
 13748
 13755
 13762
 13779
 13802
 13844
 13899
 13911
 13927
 13953
 13954
 13988
 13989
 13999
 14013
 14019
 14033
 14044
 14050
 14056
 14095
 14112
 14121
 14139
 14142
 14160
 14162
 14176
 14218
 14226
 14240
 14279
 14282
 14285
 14288
 14308
 14332
 14352
 14372
 14387
 14407
 14424
 14433
 14460
 14464
 14468
 14472
 14474
 14501
 14505
 14506
 14509
 14523
 14526
 14528
 14531
 14541
 14555
 14567
 14606
 14629
 14633
 14636
 14689
 14727
 14768
 14778
 14790
 14817
 14821
 14840
 14856
 14883
 14900
 14904
 14910
 14911
 14931
 14940
 14968
 14975
 14987
 15012
 15016
 15023
 15037
 15054
 15060
 15073
 15084
 15086
 15094
 15111
 15141
 15182
 15190
 15199
 15212
 15221
 15226
 15230
 15238
 15262
 15279
 15290
 15292
 15303
 15313
 15320
 15324
 15335
 15360
 15367
 15370
 15392
 15398
 15403
 15405
 15424
 15429
 15487
 15490
 15520
 15521
 15531
 15533
 15548
 15566
 15581
 15583
 15623
 15665
 15671
 15726
 15748
 15763
 15766
 15775
 15785
 15799
 15803
 15830
 15839
 15846
 15873
 15889
 15900
 15901
 15906
 15910
 15911
 15941
 15956
 15958
 15962
 15982
 15985
 16010
 16016
 16030
 16070
 16092
 16095
 16099
 16118
 16143
 16148
 16155
 16165
 16173
 16205
 16209
 16231
 16251
 16265
 16298
 16315
 16335
 16341
 16362
 16387
 16404
 16406
 16417
 16424
 16454
 16459
 16463
 16489
 16503
 16509
 16513
 16533
 16537
 16550
 16565
 16574
 16580
 16597
 16617
 16633
 16670
 16712
 16719
 16762
 16770
 16784
 16791
 16792
 16796
 16804
 16817
 16818
 16820
 16833
 16847
 16866
 16880
 16887
 16891
 16895
 16902
 16933
 16947
 16949
