# Created by Octave 3.8.1, Thu Jul 06 21:59:58 2017 CST <shyreckdc@shyreckdc-PC>
# name: theta
# type: matrix
# rows: 27
# columns: 1
 -0.00042735317462615
 0.0005362802307696677
 -0.002997558800285776
 0.00574138635670833
 0.004485695685337721
 0.00283102893111448
 -0.004292194443386268
 -0.008381777491986809
 -0.007218869691731187
 0
 0.000279474409283305
 0.0001458958564859084
 1.356151707156882e-05
 -0.0002016017621230618
 -7.164577111913516e-05
 0.01593789589221752
 0.02763134131514819
 -0.002457230179998903
 -0.0066020356038357
 -0.01217558428360138
 -0.000440578676061299
 -0.0001251839619894282
 -0.002725191945994195
 0.009525351965786865
 -0.03414913247367465
 -0.004639524138050152
 0.004339984086414036


