# Created by Octave 3.8.1, Fri Jul 07 11:11:42 2017 CST <shyreckdc@shyreckdc-PC>
# name: theta
# type: matrix
# rows: 28
# columns: 1
 -0.0005173948139494793
 0.002462750513402947
 -0.004550351474653731
 0.005599396205198465
 0.006848992653606443
 0.004705812507730978
 -0.006106198548667129
 -0.01306706800496974
 -0.01123447648138809
 0
 0.0004357218485950033
 0.0002237330898320407
 6.527754041860889e-05
 -0.0002476109910512171
 -0.0001094127127285094
 0.02552134554808754
 0.03038242065201383
 -0.003532580747291921
 -0.004366989830994249
 -0.01628408272659776
 -0.000135566488073792
 -8.683286531001229e-05
 0.0003897333854091718
 0.006497218071417534
 -0.03380319773820312
 -0.004399633366757057
 0.004156079097222183
 -0.004214614999587334


