# Created by Octave 3.8.1, Thu Jul 06 19:43:31 2017 CST <shyreckdc@shyreckdc-PC>
# name: theta
# type: matrix
# rows: 21
# columns: 1
 0.009279425887207338
 0.1859177780479561
 -0.447976685401129
 0.006215723296256618
 0.306961254902785
 0.2308427818953012
 -0.5099793964651583
 -1.006276223916529
 -0.8596118225405469
 0
 0.03240018086498648
 0.01859963668498589
 0.01342818447473879
 -0.001561242309643743
 0.01744245587845532
 0.303834746012694
 0.08648240610464111
 -0.08354825925056031
 -0.0009981082398646916
 -0.04766797867584843
 0.0004612470271552016


